1018673
1018674
1018675
1018676
1018677
1018678
1018679
1018680
1018681
1018682
1018683
1018684
1018685
1018686
1018687
1018688
1018689
1018690
1018691
1018692
1018693
1018694
1018695
1018696
1018698
1018699
1018700
1018701
1018702
1018703
1018704
1018705
1018706
1018707
1018708
1018709
1018710
1018711
1018712
1018714
1018715
1018716
1018718
1018719
1018720
1018721
1018722
1018723
1018724
1018725
1018727
1018728
1018730
1018731
1018732
1018733
1018734
1018735
1018736
1018737
1018738
1018739
1018740
1018741
1018742
1018743
1018744
1018745
1018746
1018747
1018748
1018749
1018750
1018752
1018754
1018755
1018756
1018757
1018758
1018759
1018760
1018761
1018762
1018763
1018768
1018770
1018771
1018772
1018773
1018774
1018775
1018776
1018777
1018778
1018779
1018780
1018781
1018782
1018783
1018784
1018785
1018786
1018787
1018788
1018789
1018790
1018791
1018792
1018793
1018794
1018795
1018796
1018797
1018798
1018799
1018800
1018801
1018802
1018803
1018804
1018805
1018806
1018807
1018808
1018809
1018810
1018811
1018812
1018815
1018816
1018817
1018818
1018819
1018820
1018821
1018822
1018823
1018824
1018825
1018826
1018827
1018828
1018829
1018830
1018831
1018832
1018833
1018834
1018835
1018836
1018837
1018838
1018839
1018840
1018841
1018842
1018843
1018844
1018845
1018846
1018847
1018848
1018849
1018850
1018851
1018853
1018854
1018855
1018856
1018857
1018858
1018859
1018860
1018861
1018862
1018863
1018864
1018865
1018866
1018867
1018868
1018869
1018870
1018871
1018872
1018873
1018874
1018875
1018876
1018877
1018878
1018879
1018880
1018881
1018882
1018883
1018884
1018886
1018887
1018888
1018889
1018890
1018891
1018893
1018894
1018895
1018896
1018897
1018898
1018899
1018900
1018901
1018902
1018903
1018904
1018905
1018906
1018907
1018908
1018909
1018910
1018911
1018912
1018913
1018914
1018915
1018916
1018917
1018918
1018919
1018920
1018921
1018923
1018924
1018925
1018926
1018927
1018928
1018929
1018930
1018931
1018932
1018933
1018934
1018935
1018936
1018937
1018938
1018939
1018940
1018941
1018942
1018943
1018944
1018945
1018946
1018947
1018948
1018949
1018950
1018951
1018952
1018953
1018954
1018955
1018956
1018957
1018958
1018959
1018960
1018961
1018962
1018963
1018964
1018965
1018966
1018975
1018976
1018977
1018978
1018979
1018980
1018981
1018982
1018983
1018984
1018985
1018986
1018987
1018989
1018990
1018991
1018995
1018996
1019006
1019007
1019008
1019009
1019010
1019011
1019012
1019013
1019014
1019015
1019016
1019017
1019018
1019019
1019020
1019021
1019022
1019024
1019025
1019026
1019027
1019028
1019029
1019030
1019031
1019032
1019034
1019035
1019036
1019037
1019039
1019040
1019041
1019043
1019044
1019045
1019046
1019048
1019049
1019050
1019051
1019052
1019053
1019054
1019055
1019056
1019057
1019058
1019059
1019060
1019061
1019062
1019063
1019064
1019065
1019066
1019069
1019070
1019071
1019072
1019074
1019075
1019076
1019077
1019078
1019079
1019080
1019081
1019082
1019083
1019084
1019092
1019093
1019094
1019095
1019096
1019097
1019098
1019099
1019100
1019101
1019102
1019103
1019104
1019105
1019106
1019107
1019108
1019109
1019110
1019111
1019112
1019113
1019114
1019115
1019116
1019117
1019118
1019119
1019120
1019121
1019122
1019123
1019124
1019125
1019126
1019127
1019128
1019129
1019130
1019131
1019132
1019133
1019134
1019135
1019136
1019137
1019138
1019139
1019141
1019143
1019144
1019146
1019147
1019148
1019149
1019150
1019151
1019152
1019153
1019154
1019155
1019156
1019157
1019158
1019159
1019160
1019161
1019168
1019169
1019170
1019171
1019173
1019174
1019175
1019176
1019177
1019178
1019179
1019180
1019181
1019182
1019183
1019184
1019185
1019187
1019188
1019189
1019190
1019191
1019192
1019193
1019194
1019195
1019196
1019197
1019198
1019199
1019200
1019201
1019202
1019203
1019204
1019205
1019206
1019207
1019208
1019209
1019210
1019211
1019212
1019213
1019214
1019215
1019216
1019219
1019220
1019221
1019222
1019223
1019225
1019226
1019227
1019228
1019229
1019230
1019231
1019232
1019233
1019234
1019235
1019236
1019237
1019238
1019239
1019240
1019241
1019242
1019243
1019244
1019245
1019246
1019248
1019249
1019250
1019251
1019252
1019253
1019254
1019255
1019256
1019257
1019258
1019259
1019260
1019261
1019262
1019263
1019264
1019265
1019266
1019267
1019268
1019270
1019271
1019275
1019276
1019277
1019278
1019279
1019280
1019281
1019282
1019284
1019285
1019286
1019287
1019289
1019290
1019291
1019292
1019294
1019295
1019297
1019298
1019299
1019300
1019301
1019302
1019303
1019304
1019307
1019309
1019310
1019311
1019312
1019313
1019314
1019315
1019316
1019317
1019318
1019319
1019321
1019322
1019323
1019324
1019325
1019326
1019327
1019328
1019329
1019330
1019331
1019332
1019333
1019334
1019335
1019336
1019337
1019338
1019339
1019340
1019341
1019342
1019343
1019344
1019345
1019346
1019347
1019348
1019349
1019351
1019352
1019353
1019354
1019355
1019356
1019357
1019358
1019359
1019360
1019361
1019362
1019363
1019364
1019371
1019372
1019373
1019374
1019375
1019376
1019377
1019378
1019379
1019380
1019381
1019382
1019383
1019384
1019385
1019386
1019387
1019388
1019390
1019391
1019392
1019393
1019395
1019396
1019397
1019398
1019399
1019400
1019401
1019402
1019403
1019404
1019405
1019406
1019407
1019408
1019409
1019410
1019411
1019412
1019416
1019417
1019418
1019419
1019420
1019421
1019422
1019423
1019424
1019425
1019426
1019427
1019428
1019429
1019431
1019432
1019433
1019434
1019435
1019436
1019437
1019438
1019439
1019440
1019442
1019443
1019444
1019445
1019446
1019447
1019448
1019449
1019450
1019451
1019452
1019453
1019455
1019456
1019457
1019458
1019459
1019460
1019461
1019462
1019463
1019464
1019465
1019466
1019467
1019468
1019469
1019470
1019471
1019472
1019473
1019474
1019475
1019476
1019477
1019478
1019480
1019481
1019482
1019483
1019484
1019485
1019486
1019487
1019488
1019489
1019490
1019491
1019494
1019495
1019496
1019497
1019498
1019499
1019500
1019501
1019502
1019503
1019504
1019505
1019506
1019507
1019508
1019509
1019510
1019511
1019512
1019513
1019514
1019515
1019516
1019517
1019519
1019520
1019521
1019522
1019523
1019524
1019525
1019527
1019528
1019529
1019530
1019531
1019532
1019533
1019534
1019535
1019536
1019537
1019538
1019539
1019540
1019541
1019542
1019543
1019544
1019545
1019547
1019548
1019549
1019550
1019551
1019552
1019553
1019554
1019555
1019556
1019557
1019558
1019559
1019560
1019561
1019562
1019563
1019564
1019565
1019566
1019567
1019568
1019569
1019571
1019572
1019573
1019574
1019575
1019577
1019580
1019581
1019583
1019584
1019585
1019586
1019587
1019588
1019589
1019590
1019591
1019592
1019593
1019594
1019595
1019596
1019597
1019598
1019599
1019600
1019602
1019603
1019604
1019605
1019606
1019607
1019608
1019609
1019610
1019611
1019612
1019613
1019614
1019615
1019616
1019617
1019618
1019619
1019620
1019621
1019622
1019623
1019624
1019625
1019626
1019627
1019628
1019629
1019630
1019631
1019632
1019633
1019634
1019635
1019636
1019637
1019638
1019639
1019640
1019641
1019642
1019643
1019644
1019645
1019646
1019647
1019648
1019649
1019650
1019651
1019652
1019653
1019654
1019655
1019656
1019657
1019658
1019659
1019660
1019661
1019662
1019663
1019664
1019665
1019666
1019670
1019673
1019674
1019675
1019676
1019677
1019679
1019680
1019681
1019682
1019684
1019685
1019686
1019687
1019688
1019689
1019690
1019691
1019694
1019696
1019697
1019698
1019699
1019700
1019701
1019702
1019703
1019704
1019705
1019706
1019707
1019708
1019709
1019710
1019711
1019712
1019713
1019714
1019715
1019716
1019717
1019718
1019719
1019720
1019721
1019722
1019723
1019724
1019725
1019726
1019727
1019728
1019729
1019730
1019731
1019732
1019733
1019734
1019735
1019736
1019737
1019738
1019739
1019740
1019741
1019742
1019743
1019744
1019745
1019746
1019747
1019748
1019749
1019750
1019751
1019752
1019753
1019754
1019755
1019756
1019757
1019758
1019759
1019760
1019761
1019762
1019763
1019764
1019765
1019766
1019767
1019768
1019769
1019770
1019771
1019772
1019773
1019774
1019775
1019776
1019777
1019778
1019779
1019780
1019781
1019783
1019784
1019785
1019786
1019787
1019788
1019789
1019790
1019791
1019792
1019793
1019794
1019795
1019797
1019798
1019799
1019800
1019801
1019802
1019803
1019804
1019805
1019806
1019807
1019808
1019809
1019810
1019811
1019812
1019813
1019814
1019815
1019816
1019817
1019818
1019819
1019820
1019821
1019822
1019823
1019824
1019825
1019826
1019827
1019828
1019829
1019830
1019831
1019832
1019833
1019834
1019835
1019836
1019837
1019838
1019839
1019840
1019841
1019842
1019843
1019844
1019845
1019846
1019847
1019848
1019849
1019850
1019851
1019852
1019853
1019854
1019855
1019856
1019857
1019858
1019859
1019861
1019862
1019863
1019864
1019865
1019866
1019867
1019868
1019869
1019870
1019871
1019872
1019873
1019874
1019875
1019876
1019878
1019879
1019880
1019882
1019883
1019884
1019885
1019886
1019887
1019888
1019890
1019891
1019892
1019893
1019894
1019895
1019896
1019897
1019898
1019899
1019900
1019901
1019902
1019903
1019904
1019905
1019906
1019907
1019908
1019909
1019910
1019911
1019912
1019913
1019914
1019915
1019916
1019917
1019918
1019919
1019920
1019921
1019922
1019923
1019924
1019925
1019926
1019927
1019928
1019929
1019930
1019931
1019932
1019933
1019934
1019935
1019937
1019938
1019939
1019940
1019941
1019942
1019943
1019952
1019953
1019954
1019955
1019956
1019957
1019958
1019959
1019960
1019961
1019962
1019963
1019964
1019965
1019966
1019967
1019968
1019969
1019970
1019971
1019972
1019973
1019974
1019975
1019976
1019977
1019978
1019979
1019980
1019981
1019982
1019983
1019984
1019985
1019986
1019987
1019988
1019989
1019990
1019991
1019993
1019994
1019996
1019997
1019998
1019999
1020000
1020001
1020005
1020006
1020008
1020009
1020010
1020011
1020012
1020013
1020014
1020015
1020016
1020017
1020018
1020019
1020020
1020021
1020022
1020023
1020024
1020025
1020026
1020027
1020028
1020029
1020030
1020032
1020033
1020034
1020035
1020036
1020037
1020038
1020039
1020040
1020041
1020042
1020045
1020046
1020047
1020049
1020051
1020052
1020053
1020054
1020055
1020056
1020057
1020058
1020059
1020060
1020061
1020062
1020063
1020064
1020065
1020066
1020067
1020068
1020069
1020071
1020072
1020073
1020074
1020075
1020076
1020077
1020078
1020079
1020080
1020082
1020083
1020084
1020085
1020086
1020087
1020088
1020089
1020090
1020091
1020092
1020093
1020094
1020095
1020096
1020097
1020098
1020099
1020100
1020101
1020102
1020103
1020104
1020105
1020106
1020107
1020108
1020109
1020110
1020111
1020112
1020113
1020114
1020115
1020116
1020117
1020118
1020119
1020120
1020121
1020122
1020123
1020124
1020125
1020126
1020127
1020128
1020129
1020130
1020131
1020132
1020133
1020134
1020135
1020136
1020137
1020138
1020139
1020140
1020141
1020142
1020143
1020144
1020145
1020146
1020147
1020148
1020149
1020150
1020151
1020152
1020153
1020154
1020155
1020156
1020157
1020158
1020159
1020160
1020161
1020162
1020163
1020164
1020165
1020166
1020167
1020168
1020169
1020170
1020171
1020172
1020173
1020174
1020175
1020176
1020177
1020178
1020179
1020180
1020181
1020182
1020183
1020184
1020185
1020186
1020187
1020188
1020189
1020190
1020191
1020192
1020193
1020194
1020195
1020196
1020197
1020198
1020199
1020200
1020201
1020202
1020203
1020204
1020205
1020206
1020207
1020208
1020209
1020210
1020211
1020212
1020213
1020214
1020215
1020216
1020217
1020219
1020220
1020221
1020222
1020223
1020224
1020225
1020226
1020227
1020228
1020229
1020230
1020231
1020232
1020233
1020234
1020235
1020236
1020237
1020238
1020239
1020240
1020241
1020242
1020243
1020244
1020245
1020246
1020247
1020248
1020249
1020250
1020251
1020252
1020253
1020254
1020255
1020256
1020257
1020258
1020259
1020260
1020261
1020262
1020263
1020264
1020265
1020266
1020267
1020268
1020269
1020270
1020271
1020272
1020273
1020275
1020276
1020277
1020279
1020280
1020281
1020282
1020283
1020284
1020286
1020287
1020288
1020289
1020290
1020291
1020292
1020293
1020294
1020295
1020296
1020297
1020298
1020299
1020300
1020301
1020302
1020303
1020304
1020305
1020306
1020307
1020308
1020309
1020310
1020311
1020312
1020313
1020314
1020315
1020316
1020317
1020318
1020319
1020320
1020321
1020322
1020323
1020324
1020325
1020326
1020327
1020328
1020329
1020330
1020331
1020332
1020333
1020334
1020335
1020336
1020337
1020338
1020339
1020340
1020341
1020342
1020343
1020344
1020345
1020352
1020353
1020354
1020355
1020356
1020357
1020358
1020360
1020361
1020362
1020363
1020364
1020365
1020366
1020367
1020368
1020369
1020370
1020371
1020372
1020373
1020374
1020375
1020376
1020377
1020378
1020379
1020380
1020381
1020382
1020383
1020384
1020386
1020387
1020388
1020389
1020390
1020391
1020392
1020393
1020394
1020395
1020396
1020397
1020398
1020399
1020400
1020401
1020404
1020405
1020406
1020408
1020409
1020410
1020411
1020412
1020414
1020415
1020416
1020417
1020418
1020419
1020420
1020421
1020422
1020423
1020424
1020425
1020426
1020427
1020428
1020429
1020430
1020431
1020432
1020433
1020434
1020436
1020437
1020438
1020439
1020440
1020441
1020442
1020443
1020444
1020445
1020446
1020447
1020448
1020449
1020450
1020451
1020452
1020453
1020454
1020455
1020456
1020457
1020458
1020459
1020460
1020461
1020462
1020463
1020464
1020465
1020466
1020467
1020468
1020469
1020470
1020471
1020472
1020473
1020474
1020475
1020476
1020477
1020478
1020479
1020480
1020481
1020482
1020483
1020484
1020485
1020486
1020487
1020488
1020489
1020490
1020491
1020492
1020493
1020494
1020495
1020496
1020497
1020498
1020499
1020500
1020501
1020502
1020521
1020522
1020523
1020524
1020525
1020526
1020527
1020528
1020529
1020530
1020531
1020532
1020533
1020534
1020535
1020536
1020539
1020540
1020541
1020542
1020543
1020544
1020545
1020546
1020547
1020548
1020549
1020550
1020551
1020552
1020553
1020554
1020555
1020556
1020557
1020558
1020559
1020560
1020561
1020562
1020563
1020564
1020565
1020566
1020567
1020568
1020569
1020570
1020571
1020572
1020573
1020574
1020575
1020576
1020577
1020578
1020579
1020580
1020581
1020582
1020583
1020584
1020585
1020586
1020587
1020588
1020589
1020590
1020591
1020592
1020593
1020594
1020595
1020596
1020597
1020598
1020599
1020600
1020601
1020602
1020603
1020604
1020605
1020606
1020607
1020608
1020609
1020610
1020611
1020612
1020613
1020614
1020615
1020616
1020617
1020618
1020619
1020620
1020621
1020622
1020623
1020624
1020625
1020626
1020627
1020628
1020629
1020630
1020631
1020634
1020635
1020636
1020637
1020638
1020639
1020640
1020641
1020646
1020647
1020648
1020649
1020650
1020651
1020652
1020653
1020654
1020655
1020657
1020658
1020659
1020660
1020661
1020662
1020663
1020664
1020665
1020666
1020667
1020668
1020669
1020670
1020671
1020672
1020673
1020674
1020675
1020676
1020677
1020678
1020679
1020680
1020681
1020682
1020683
1020684
1020685
1020686
1020687
1020688
1020689
1020690
1020691
1020692
1020693
1020694
1020695
1020696
1020697
1020698
1020699
1020700
1020701
1020702
1020703
1020704
1020705
1020706
1020707
1020709
1020710
1020711
1020712
1020713
1020714
1020715
1020716
1020717
1020718
1020719
1020720
1020721
1020722
1020723
1020724
1020725
1020726
1020727
1020728
1020729
1020730
1020731
1020732
1020733
1020734
1020735
1020737
1020738
1020739
1020740
1020741
1020742
1020743
1020744
1020745
1020746
1020747
1020748
1020749
1020750
1020751
1020752
1020753
1020754
1020755
1020756
1020757
1020758
1020759
1020760
1020761
1020762
1020763
1020764
1020765
1020767
1020768
1020769
1020770
1020771
1020772
1020773
1020774
1020775
1020776
1020777
1020778
1020779
1020780
1020781
1020782
1020783
1020784
1020785
1020786
1020787
1020788
1020789
1020790
1020792
1020793
1020794
1020795
1020796
1020797
1020798
1020800
1020801
1020802
1020803
1020804
1020805
1020806
1020807
1020808
1020809
1020810
1020811
1020812
1020813
1020814
1020815
1020816
1020817
1020818
1020819
1020820
1020821
1020822
1020823
1020824
1020825
1020826
1020827
1034042
1034043
1034044
1034045
1034047
1034049
1034050
1034052
1034053
1034054
1034061
1034069
1034070
1034071
1034072
1034073
1034074
1034075
1034076
1034077
1034078
1034079
1034080
1034099
1034100
1034101
1034102
1034103
1034104
1034105
1034106
1034107
1034108
1034109
1034110
1034111
1034112
1034113
1034114
1034115
1034116
1034117
1034118
1034119
1034120
1034121
1034122
1034123
1034125
1034133
1034134
1034135
1034136
1034137
1040865
1043010
1043310
1043311
1043312
1043313
1043314
1043315
1043317
1043318
1043319
1043322
1043323
1043324
1043336
1043337
1043338
1043340
1043342
1043344
1043345
1043346
1043347
1043349
1043350
1043355
1043356
1043365
1043379
1043380
1043381
1043382
1043383
1043384
1043385
1043386
1043387
1043388
1043389
1043390
1043391
1043394
1043395
1043396
1043397
1043400
1043401
1043776
1043834
1043835
1043836
1043837
1043838
1043839
1043840
1043841
1043842
1043843
1043844
1043845
1043846
1043847
1043848
1043850
1043851
1043852
1043853
1043854
1043855
1043856
1043857
1043858
1043859
1043860
1043861
1043969
1044114
1044115
1044116
1044117
1044118
1044119
1044121
1044122
1044123
1044124
1044125
1044126
1044127
1044128
1044129
1044130
1044131
1044133
1044170
1044273
1044274
1044275
1044276
1044277
1044278
1044279
1044280
1044281
1044282
1044283
1044284
1044285
1044286
1044287
1044288
1044289
1044290
1044291
1044292
1044293
1044294
1044295
1044296
1044297
1044298
1044299
1044300
1044301
1044302
1044303
1044305
1044310
1044313
1045274
1045275
1045276
1045277
1045278
1045279
1045280
1045281
1045282
1045283
1045284
1045285
1045286
1045287
1045288
1045289
1045290
1045291
1045292
1045293
1045294
1045295
1045296
1045297
1045298
1045299
1045745
1045746
1045747
1045748
1045749
1045750
1045751
1045752
1045753
1045754
1045755
1045756
1045757
1045759
1045760
1045761
1045762
1045763
1045764
1045765
1045766
1045767
1045768
1045769
1045770
1045771
1045772
1045773
1045774
1045775
1045776
1045777
1045778
1045779
1045780
1045781
1045782
1045783
1045784
1045785
1045786
1045787
1045788
1045789
1045790
1045930
1045931
1045932
1045933
1045934
1045935
1045936
1045937
1045938
1045942
1045943
1045944
1045945
1045946
1045948
1045949
1045950
1045951
1045952
1046030
1046031
1046041
1046049
1046050
1046051
1046052
1046053
1046054
1046055
1046171
1046172
1046173
1046175
1046176
1046177
1046178
1046179
1046180
1046181
1046182
1046183
1046184
1046214
1046215
1046218
1046220
1046242
1046243
1046268
1046269
1046270
1046271
